state ={
	id=101
	name="STATE_101"
	manpower = 18000
	
	state_category = wasteland
	
	history = {
		owner = DEN
		buildings = {
			infrastructure = 1
			12512 ={
				naval_base = 1
			}
		}
		add_core_of = DEN
	}
	provinces = { 
12505 11235 11130 12103 10830 12273 12218 12883 10792 16543 16542 16544 16541 16546 16545 16547 10746 16551 16550 16552 16549 16554 16553 16555 16548 16558 16557 16559 16556 16561 16560 16562 13051 16567 16566 16568 16565 16570 16569 16571 16564 16574 16573 16575 16572 16577 16576 16578 16563 16582 16581 16583 16580 16585 16584 16586 16579 16589 16588 16590 16587 16592 16591 16593 13059 16597 16596 16598 16595 16600 16599 16601 16594 16604 16603 16605 16602 16607 16606 16608 13323 16613 16612 16614 16611 16616 16615 16617 16610 16620 16619 16621 16618 16623 16622 16624 16609 16628 16627 16629 16626 16631 16630 16632 16625 16635 16634 16636 16633 16638 16637 16639 13328 16644 16643 16645 16642 16647 16646 16648 16641 16651 16650 16652 16649 16654 16653 16655 16640 16659 16658 16660 16657 16662 16661 16663 16656 16666 16665 16667 16664 16669 16668 16670 13329 16673 16672 16674 16671 16676 16675 16677 13331
}

}
