
state={
	id=292
	name="STATE_292"
	manpower = 1440000
	
	state_category = rural
	resources={
		oil=3 # was: 3
	}

	history={
		owner = NUL
		buildings = {
			infrastructure = 1
			arms_factory = 1
			industrial_complex = 1
			12702 = {
				naval_base = 6
			}
		}
		victory_points = {
			12727 5
		}
		add_core_of = NUL
	}

	provinces = { 
1954 1725 2056 1855 1783 4728 4966 4815 4769 7682 4972 7834 7778 7879 5022 10688 10529 12535 5025 13287 12632 14261 5056 18573 14282 18574 5091 18577 18576 18578 18575 18580 18579 18581 5097 18582 7967 18584 18583 18585 7992 18587 18586 18588 8001 18590 18589 18591 8057 18593 18592 18594 8098 18596 18595 18597 10787 18598 10811 18600 18599 18601 10846 18603 18602 18604 10888 18606 18605 18607 10897 18609 18608 18610 10919 18612 18611 18613 12448 18614 12695 18615 12720 18617 18616 18618 12742 18620 18619 18621 12806 18623 18622 18624 12863 18626 18625 18627
}

}