state={
	id=332
	name="STATE_332"
	
	state_category = wasteland

	history={
		owner = ENG
		buildings = {
			infrastructure = 1

			12503 = {
				naval_base = 1
			}
		}
		add_core_of = CAN

	}

	provinces = { 
1425 391 178 1675 68 3120 1876 4384 15 5308 4985 6155 4678 7700 7371 7728 1784 10821 10623 12603 9036 14648 14260 14649 7801 14652 14651 14653 14650 14655 14654 14656 14660 14659 14661 14658 14663 14662 14664 14657 14667 14666 14668 14665 14670 14669 14671 4785 14674 14673 14675 14672 14677 14676 14678 12496 14682 14681 14683 14680 14685 14684 14686 14679 14689 14688 14690 14687 14692 14691 14693 13158 14695 14694 14696 13173
}

	manpower=22179
	buildings_max_level_factor=1.000
}
