state={
	id=466
	name="STATE_466"
	resources={
		aluminium=4 # was: 4.000
	}
	
	state_category = rural

	history={
		owner = CAN
		buildings = {
			infrastructure = 1
			3691 = {
				naval_base = 1
			}

		}
		add_core_of = CAN

	}

	provinces = { 
490 14578 14577 14576 14575 983 14581 14580 14579 1341 14583 14582 1356 14584 1657 14588 14587 14586 14585 1712 1764 14589 14594 14593 14592 14591 14590 3691 14596 14595 3911 14599 14598 14597 14600 4666 14604 14603 14602 14601 4769 14605 6733 14609 14608 14607 14606 14610 7428 14611 7676 14615 14614 14613 14612 7800 14619 14618 14617 14616 7803 14622 14621 14620 7806 14623 7868 14624 7886 14627 14626 14625 10162 14630 14629 14628 10235 14631 10520 14634 14633 14632 10686 14635 10701 14638 14637 14636 11666 14641 14640 14639 11886 14643 14642 12131 14645 14644 12189 14646 12207 14648 14647 12260 14649 12584 14652 14651 14650 13144 13146 13148 13150 13165 13168 13180 14653 7357 14654 4419 14656 14655 3208 14659 14658 14657
}

	manpower=318860
	buildings_max_level_factor=1.000
}
