
state={
	id=471
	name="STATE_471" #Baffin Land
	
	state_category = rural

	history={
		owner = NUL
		buildings = {
			infrastructure = 1
			3691 = {
				naval_base = 1
			}

		}
		add_core_of = NUL

	}

	provinces = { 
1711 14551 14550 14552 14549 14554 14553 14555 14548 14558 14557 14559 14556 14561 14560 14562 3690 14568 14567 14569 14566 14571 14570 14572 14565 14575 14574 14576 14573 14578 14577 14579 14564 14583 14582 14584 14581 14586 14585 14587 14580 14590 14589 14591 14588 14593 14592 14594 14563 14599 14598 14600 14597 14602 14601 14603 14596 14606 14605 14607 14604 14609 14608 14610 14595 14614 14613 14615 14612 14617 14616 14618 14611 14621 14620 14622 14619 14624 14623 14625 7810 14629 14628 14630 14627 14632 14631 14633 14626 14636 14635 14637 14634 14639 14638 14640
}

	manpower=8860
	buildings_max_level_factor=1.000
}
