state={
	id=472
	name="STATE_472"
	
	state_category = wasteland

	history={
		owner = NUL
		buildings = {
			infrastructure = 1

		}
		add_core_of = NUL

	}

	provinces = { 
1670 1706 1761 1726 1828 2975 3799 7835 4795 10520 6777 10657 10539 12533 7345 12640 7827 13160 7855 17338 17337 17339 17336 17341 17340 17342 17335 17345 17344 17346 17343 17348 17347 17349 12527 17351 17350 17352 12675 17354 17353 17355 13161 13176 13178 13180 13185 7763 2406 10581 17356 4693 17357 5237 17359 17358 17360 7779 17362 17361 17363 7183 17365 17364 17366 12501 17370 17369 17371 17368 17373 17372 17374 17367 17377 17376 17378 17375 17380 17379 17381 917 17384 17383 17385 17382 17387 17386 17388 4676 17392 17391 17393 17390 17395 17394 17396 17389 17399 17398 17400 17397 17402 17401 17403 1871 17408 17407 17409 17406 17411 17410 17412 17405 17415 17414 17416 17413 17418 17417 17419 17404 17423 17422 17424 17421 17426 17425 17427 17420 17430 17429 17431 17428 17433 17432 17434 6726 17435 17437 17436 17438 13175
}

	manpower=27681
	resources={
		aluminium=2 # was: 4.000
	}
	buildings_max_level_factor=1.000
}
