
state={
	id=473
	name="STATE_473"
	manpower = 665846
	resources={
		oil=1 # was: 2
	}
	
	state_category = town

	history={
		owner = CAN
		buildings = {
			infrastructure = 5
			arms_factory = 1
			industrial_complex = 1
			dockyard = 1
			air_base = 3
			1408 = {
				naval_base = 5
			}
			10548 = {
				naval_base = 1
			}
		}
		add_core_of = CAN
		victory_points = {
			1408 15 
		}
	}

	provinces = { 
1322 12504 12363 12574 1392 12576 1407 1736 16105 16104 16106 1857 16107 4341 16109 16108 16110 4383 16111 4411 4426 4868 16114 16113 16115 16112 16117 16116 16118 4875 16120 16119 16121 7674 16122 7750 16124 16123 16125 7758 16127 16126 16128 7817 16130 16129 16131 7850 16133 16132 16134 10224 16137 16136 16138 16135 16140 16139 16141 10254 16143 16142 16144 10269 16146 16145 16147 10640 16149 16148 16150 12224 16152 16151 16153 12571 16155 16154 16156 1410 16157 12564 16161 16160 16162 16159 16164 16163 16165 16158 16168 16167 16169 16166 16171 16170 16172 10544 16176 16175 16177 16174 16179 16178 16180 16173 16183 16182 16184 16181 16186 16185 16187 1798 16190 16189 16191 16188 16193 16192 16194
}

}
