
state={
	id=495
	name="STATE_495"
	manpower = 979900
	
	state_category = pastoral
	
	resources={
		aluminium=4 # was: 4
	}

	history={
		owner = BRA
		buildings = {
			infrastructure = 0

		}
		add_core_of = BRA
	}

	provinces = { 
1979 13520 13519 13518 2035 13523 13522 13521 2198 13526 13525 13524 4980 13530 13529 13528 13527 5008 13535 13534 13533 13532 13531 5083 13539 13538 13537 13536 5214 13542 13541 13540 5216 13545 13544 13543 5232 13548 13547 13546 8164 13552 13551 13550 13549 8177 13555 13554 13553 8246 13558 13557 13556 10920 13560 13559 10942 13565 13564 13563 13562 13561 10946 13568 13567 13566 12903 13572 13571 13570 13569 12949 13575 13574 13573 13067 13577 13576
}

}
