
state={
	id=512
	name="STATE_512"
	manpower = 226638
	
	state_category = rural
	
	resources={
		oil=5 # was: 6
	}

	history={
		owner = ARG
		buildings = {
			infrastructure = 3
			10953 = {
				naval_base = 1
			}
		}
		add_core_of = ARG
	}

	provinces = { 
2148 4212 1414 4231 682 4421 4366 7436 2168 10294 10276 12206 10248 14066 14065 14127 10163 14178 14171 14217 14128 14320 14315 14321 2198 14801 14327 14802 5171 14805 14806 14804 14808 14807 14809 14803 14812 14811 14813 14810 14815 14814 14816 8158 14817 8173 14820 14819 14821 14818 14823 14822 14824 8189 14826 14825 14827 10931 14829 14828 14830 10949 14833 14832 14834 14831 14836 14835 14837 10977 14839 14838 14840 11001 14842 14841 14843 11005 14845 14844 14846 12299 14848 14847 14849 12314 14851 14850 14852 12342 14854 14853 14855 12487 14857 14856 14858 12939 12945 14861 14860 14862 14859 14864 14863 14865 12975 14867 14866 14868
}

}
