
state={
	id=519
	name="STATE_519"
	manpower = 200800
	
	state_category = pastoral

	history={
		owner = AST
		buildings = {
			infrastructure = 2

		}
		add_core_of = AST
	}

	provinces = { 
1526 15106 2191 15109 15108 15107 2219 15111 15110 5183 15114 15113 15112 5197 15117 15116 15115 5211 15118 5225 15120 15119 7560 15121 8157 15124 15123 15122 8178 15126 15125 8192 15127 8212 15129 15128 10911 15130 10913 15133 15132 15131 10935 15134 10955 15136 15135 10983 10997 15138 15137 12932 15141 15140 15139 12946 15142 12960 12974 15144 15143
}

}
