
state={
	id=549
	name="STATE_549"
	manpower = 3694293
	
	state_category = rural
	
	
	history={
		victory_points = {
			2096 1
		}
		owner = NUL
		add_core_of = NUL
		buildings = {
			infrastructure = 3
		}

	}

	provinces = { 
1913 962 1952 1102 1061 1143 1959 4063 3798 4096 2015 6904 6815 7148 2095 10309 9971 10754 4032 12121 11947 12137 4916 12192 5058 15944 12248 15945 12235 15947 15946 15948 7993 15950 15949 15951 8049 15953 15952 15954 8081 15956 15955 15957 10735 15959 15958 15960 10760 15962 15961 15963 10791 15964 10823 15966 15965 15967 10847 15968 10853 15970 15969 15971 10855 15973 15972 15974 10873 15976 15975 15977 10904 15979 15978 15980 12737 15982 15981 15983 12793 15985 15984 15986 12880 15988 15987 15989
}

}
