
state={
	id=637
	name="STATE_637"

	history={
		owner = SOV
		buildings = {
			infrastructure = 2
			12207 = {
				naval_base = 1

			}

		}
		add_core_of = SOV

	}

	provinces = { 
1822 4497 4486 4616 1720 7538 7504 10344 1613 10466 10416 12154 10391 12317 12226 12447 1553 14371 14370 14372 14369 14374 14373 14375 12458 14378 14377 14379 14376 14381 14380 14382 1478 14387 14386 14388 14385 14390 14389 14391 14384 14394 14393 14395 14392 14397 14396 14398 14383 14402 14401 14403 14400 14405 14404 14406 14399 14409 14408 14410 14407 14412 14411 14413 1838 14417 14416 14418 14415 14420 14419 14421 14414 14424 14423 14425 14422 14427 14426 1862 14431 14430 14432 14429 14434 14433 14435 14428 14438 14437 14439 14436 14441 14440 14442 4726 14446 14445 14447 14444 14449 14448 14450 14443 14453 14452 14454 14451 14456 14455 14457 7875 14461 14460 14462 14459 14464 14463 14465 14458 14468 14467 14469 14466 14471 14470 14472 12200 12515 14476 14475 14477 14474 14479 14478 14480 14473 14483 14482 14484 14481 14486 14485 14487
}

	manpower=48831
	buildings_max_level_factor=1
	state_category="wasteland"
}
