state={
	id=644
	name="STATE_644"

	history={
		owner = SOV
		buildings = {
			infrastructure = 1
		}
		add_core_of = SOV

	}

	provinces = { 
1721 1744 1818 4377 3957 4395 2852 4527 2876 4659 3183 4683 4672 4756 4005 4925 4865 4969 4227 4982 4453 7314 7277 7347 7226 7705 7515 7887 7091 7951 7927 7995 7902 9548 8113 9945 7013 10099 10071 10125 10012 10133 10132 10138 9984 10214 10176 10231 10157 10596 10606 5043 10808 10751 10825 10666 10862 10843 10911 10655 11931 11303 12002 11219 12383 12034 12420 10649 12628 12609 12711 12587 12822 12736 12837 12557 14054 14052 14055 14051 14058 14056 14059 4742 14064 14063 14090 14062 14100 14099 14103 14060 14114 14111 14115 14110 14125 14116 14126 4876 5262 14146 14145 14151 14144 14156 14154 14162 14139 14167 14166 14170 14163 14182 14181 14187 14131 14203 14196 14210 14195 14304 14302 14308 14194 18305 14312 18306 14309 18308 18307 18309 6209 18310 12542 18312 18311 18313 12585 18319 18318 18320 18317 18322 18321 18323 18316 18326 18325 18327 18324 18329 18328 18330 18315 18334 18333 18335 18332 18337 18336 18338 18331 18341 18340 18342 18339 18344 18343 18345 18314 18350 18349 18351 18348 18353 18352 18354 18347 18357 18356 18355 18359 18358 18360 18346 18364 18363 18365 18362 18367 18366 18368 18361 18371 18370 18372 18369 18374 18373 12627 18375 13054 18376 13055 18382 18381 18383 18380 18385 18384 18386 18379 18389 18388 18390 18387 18392 18391 18393 18378 18397 18396 18398 18395 18400 18399 18401 18394 18404 18403 18405 18402 18407 18406 18408 18377 18413 18412 18414 18411 18416 18415 18417 18410 18420 18419 18421 18418 18423 18422 18424 18409 18428 18427 18429 18426 18431 18430 18432 18425 18435 18434 18436 18433 18438 18437 18439 13197 18442 18441 18443 18440 18445 18444 18446
}

	manpower=68364
	buildings_max_level_factor=1
	state_category="wasteland"
}
