
state={
	id=674
	name="STATE_674"
	manpower = 30000
	
	state_category = wasteland

	history={
		owner = NUL
		buildings = {
			infrastructure = 1

		}
		add_core_of = NUL
	}

	provinces = { 
1497 4301 4252 4312 1510 4370 4324 4372 1539 4392 4374 4579 2132 4917 4800 5101 2176 2185 2200 2204 6110 6089 6117 6075 6188 6156 6306 6023 6366 6350 6594 6321 7240 7176 7320 2220 7334 2222 7343 7338 7348 4643 7367 7351 7372 5123 7483 7407 7759 5136 9110 5168 9130 9128 9133 5204 9165 7576 9219 9197 9333 7605 9398 9351 9819 7620 10127 10160 8149 8152 10232 10161 10260 8203 10261 8234 10310 10332 11023 10469 11107 10932 10946 11239 11191 11288 10951 11385 11348 12168 10967 12180 12172 12209 10975 12220 10987 11009 12247 12228 12520 12316 14069 14068 14070 12897 14104 14072 14112 12899 14117 12905 14129 12908 14133 12919 14159 12929 12985 14161 12986 13125
}

}
