state={
	id=683
	name="STATE_683"
	
	state_category = wasteland
	
	resources={
		aluminium=2 # was: 8.000
	}

	history={
		owner = CAN
		buildings = {
			infrastructure = 1
		}
		add_core_of = CAN
	}

	provinces = { 
4270 7693 3689 3678 3691 3529 6932 6045 11062 3136 17452 17451 17453 17450 17455 17454 17456 519 17460 17459 17461 17458 17463 17462 17464 17457 17467 17466 17468 17465 17470 17469 17471 17476 17475 17477 17474 17479 17478 17480 17473 17483 17482 17484 17481 17486 17485 17487 17472 17491 17490 17492 17489 17494 17493 17495 17488 17498 17497 17499 17496 17501 17500 17502 10699 17507 17506 17508 17505 17510 17509 17511 17504 17514 17513 17515 17512 17517 17516 17518 17503 17522 17521 17523 17520 17525 17524 17526 17519 17529 17528 17530 17527 17532 17531 17533 17538 17537 17539 17536 17541 17540 17542 17535 17545 17544 17546 17543 17548 17547 17549 17534 17553 17552 17554 17551 17556 17555 17557 17550 17560 17559 17561 17558 17563 17562 17564 13183 17565 13184 8650 17567 17566 17568 13182 13181 8959 7888 10717 7898 17569 7866 17574 17573 17575 17572 17577 17576 17578 17571 17581 17580 17582 17579 17584 17583 17585 17570 17589 17588 17590 17587 17592 17591 17593 17586 17596 17595 17597 17594 17599 17598 17600 3605 17607 17606 17608 17605 17610 17609 17611 17604 17614 17613 17615 17612 17617 17616 17618 17603 17622 17621 17623 17620 17625 17624 17626 17619 17629 17628 17630 17627 17632 17631 17633 17602 17635 17636 17637 17634 17641 17640 17642 17639 17644 17643 17645 17638 17648 17647 17649 17646 17601 17655 17654 17656 17653 17658 17657 17659 17652 17662 17661 17660 17664 17663 17665 17651 17669 17668 17670 17667 17672 17671 17673 17666 17676 17675 17677 17674 17679 17678 17680 17650 17685 17684 17686 17683 17688 17687 17689 17682 17690 17692 17691 17693 17681 17697 17696 17698 17695 17700 17699 17701 17694 17704 17703 17705 17702 17707 17706 17708 13068 17711 17710 17712 17709 17714 17713 17715
}

	manpower=6135
	buildings_max_level_factor=1.000
}
