state={
	id=905
	name="STATE_905"
	manpower=1

	state_category = wasteland 

	history={
		owner = CAN
		add_core_of = CAN
		buildings = {
			infrastructure = 1
		}
	}
	
	provinces = { 
13230 17739 17738 17740 17737 17742 17741 17743 17736 17746 17745 17747 17744 17749 17748 17750 13233 17751 13234 17752 13235 17755 17754 17756 17753 17758 17757 17759 13236 17762 17761 17763 17760 17765 17764 17766 13280 17770 17769 17771 17768 17773 17772 17774 17767 17777 17776 17778 17775 17780 17779 17781 13232 17784 17783 17785 17782 17787 17786 17788 2946 17790 17789 17791 10523 17796 17795 17797 17794 17799 17798 17800 17793 17803 17802 17804 17801 17806 17805 17807 17792 17811 17810 17812 17809 17814 17813 17815 17808 17818 17817 17819 17816 17821 17820 17822
}

}
