state={
	id=119
	name="STATE_119" # 
	manpower = 

	state_category = 

	history={
		owner = 
		victory_points = { }
		buildings = {
			infrastructure =
			industrial_complex =
			arms_factory =
			dockyard =
		}
		add_core_of =
	}
	provinces={
		9114 45 11124 31 146 9146 11087 6171 6288 9214 359 3363 6124 272 6191 9293 370 9370 3027 3139 11149 3264 9050 381 6297 6383 3270 7359 11255 11354 305 6372 11263 11365 9270 9390 6217 6224 9402 3361 3294 11320 282 11286 9280 9381 3394 6388 6307 9305 6403 3300 404 325 11387 3251 260 3315 3282 9336 6323 9259 6338 11356 9385 6253 228 9373 11243 372 3365 10301 3214 9307 11292 11496 9514 11389 11339 355 3328 9354 292 9401 11273 6352 3382 11281 6404 339 11319 9271 9299 11377 11225 6275 11348 
	}
}