state={
	id=466
	name="STATE_466"
	resources={
		aluminium=4 # was: 4.000
	}
	
	state_category = rural

	history={
		owner = NUL
		buildings = {
			infrastructure = 1

		}
		add_core_of = NUL

	}

	provinces = { 
490 1195 1113 1318 591 1521 1382 1652 983 3973 3867 7443 3413 17883 10772 17884 1340 17885 1355 17886 1656 17889 17888 17890 17887 17892 17891 17893 1763 17894 17899 17898 17900 17897 17902 17901 17903 17896 17906 17905 17907 17904 17909 17908 17910 17895 17914 17913 17915 17912 17917 17916 17918 17911 17921 17920 17922 17919 17924 17923 17925 3910 17927 17926 17928 4417 17929 4664 17933 17932 17934 17931 17936 17935 17937 17930 17940 17939 17941 17938 17943 17942 17944 4767 17945 6738 17949 17948 17950 17947 17952 17951 17953 17946 17956 17955 17957 17954 17959 17958 17960 7361 17965 17964 17966 17963 17968 17967 17969 17962 17972 17971 17973 17970 17975 17974 17976 17961 17980 17979 17981 17978 17983 17982 17984 17977 17987 17986 17988 17985 17990 17989 17991 7432 17992 7680 17996 17995 17997 17994 17999 17998 18000 17993 18003 18002 18004 18001 18006 18005 18007 7804 18010 18009 18011 18008 18013 18012 18014 7807 18017 18016 18018 18015 18020 18019 18021 7872 18022 7890 18025 18024 18026 18023 18028 18027 18029 10172 18032 18031 18033 18030 18035 18034 18036 10245 18037 10530 18040 18039 18041 18038 18043 18042 18044 10696 18046 18045 18047 10711 18050 18049 18051 18048 18053 18052 18054 11678 18056 18055 18057 11898 18059 18058 18060 12140 18065 18064 18066 18063 18068 18067 18069 18062 18072 18071 18073 18070 18075 18074 18076 18061 18080 18079 18081 18078 18083 18082 18084 18077 18087 18086 18088 18085 18090 18089 18091 12198 18092 12216 18093 12269 18094 12593 18097 18096 18098 18095 18100 18099 18101 13153 18102 13155 18103 13157 18104 13159 18105 13174 18106 13177 13189 18108 18107 18109 3207 18111 18110 18112
}

	manpower=318860
	buildings_max_level_factor=1.000
}
