
state={
	id=562
	name="STATE_562" # Okhotsk
	manpower = 126961
	state_category = wasteland

	history={
		owner = NUL
		buildings = {
			infrastructure = 1
		}
		add_core_of = NUL
	}

	provinces = { 
1713 5094 3270 6216 1804 7011 6773 7058 6611 7117 7062 7175 1864 8111 8079 8220 7935 9602 9550 9700 7677 9979 9969 10015 9948 10129 10078 10185 7229 10353 10355 10328 10266 10533 10506 10542 10410 10716 10644 11952 4808 12326 12130 12521 12095 13138 13080 13914 11994 13920 13918 14997 13916 14999 14998 15000 4879 15003 15002 15004 15001 15006 15005 15007 7769 15010 15009 15011 15008 15013 15012 15014 10536 15021 15020 15022 15019 15024 15023 15025 15018 15028 15027 15029 15026 15031 15030 15032 15017 15036 15035 15037 15034 15039 15038 15040 15033 15043 15042 15044 15041 15046 15045 15047 15016 15052 15051 15053 15050 15055 15054 15056 15049 15059 15058 15060 15057 15062 15061 15063 15048 15067 15066 15068 15065 15070 15069 15071 15064 15074 15073 15075 15072 15077 15076 15078 15015 15084 15083 15085 15082 15087 15086 15088 15081 15091 15090 15092 15089 15094 15093 15095 15080 15099 15098 15100 15097 15102 15101 15103 15096 15106 15105 15107 15104 15109 15108 15110 15079 15115 15114 15116 15113 15118 15117 15119 15112 15122 15121 15123 15120 15125 15124 15126 15111 15130 15129 15131 15128 15133 15132 15134 15127 15137 15136 15138 15135 15140 15139 10568 15144 15143 15145 15142 15147 15146 15148 15141 15151 15150 15152 15149 15154 15153 15155 10594 15158 15157 15159 15156 15161 15160 15162 11603 15168 15167 15169 15166 15171 15170 15172 15165 15175 15174 15176 15173 15178 15177 15179 15164 15183 15182 15184 15181 15186 15185 15187 15180 15190 15189 15191 15188 15193 15192 15194 15163 15199 15198 15200 15197 15202 15201 15203 15196 15206 15205 15207 15204 15209 15208 15210 15195 15214 15213 15215 15212 15217 15216 15218 15211 15221 15220 15222 15219 15224 15223 15225 12511 15229 15228 15230 15227 15232 15231 15233 15226 15236 15235 15237 15234 15239 15238 15240 12544 15244 15243 15245 15242 15247 15246 15248 15241 15251 15250 15252 15249 15254 15253 15255 12643 15258 15257 15259 15256 15261 15260 15262 12676 15267 15266 15268 15265 15270 15269 15271 15264 15274 15273 15275 15272 15277 15276 15278 15263 15282 15281 15283 15280 15285 15284 15286 15279 15289 15288 15290 15287 15292 15291 15293
}

}
