state={
	id=682
	name="STATE_682"
	
	state_category = rural
	
	resources={
		steel=8 # was: 12.000
		aluminium=16 # was: 7.000
	}

	history={
		owner = NUL
		buildings = {
			infrastructure = 5
			industrial_complex = 1
		}
		add_core_of = NUL

	}

	provinces = { 
602 607 777 705 1298 773 1768 1781 3721 3685 3779 4773 4912 4782 4962 4867 7937 4873 8015 6508 7363 7791 18453 18452 18454 7896 18456 18455 18457 9464 9477 9737 18459 18458 18460 10617 18462 18461 18463 10714 18465 18464 18466 11567 18467 12271 12575 18468 12694 18470 18469 18471 13087 18472 13152 18475 18474 18476 18473 18478 18477 18479 13154 761 18483 18482 18484 18481 18486 18485 18487 18480 18490 18489 18491 18488 18493 18492 18494 763 18496 18495 18497 3735 18499 18498 18500 4751 18504 18503 18505 18502 18507 18506 18508 18501 18511 18510 18512 18509 18514 18513 18515
}

	manpower=149059
	buildings_max_level_factor=1.000
}
