
strategic_region={
	id=149
	name="STRATEGICREGION_149"
	provinces = { 
1713 5094 3270 6216 1721 1744 18540 18539 18541 1804 7011 6773 7058 6611 7117 7062 7175 1809 1818 4377 3957 4395 1822 4497 4486 4616 1720 7538 7504 10344 1613 10466 10416 12154 10391 12317 12226 12447 1553 14371 14370 14372 14369 14374 14373 14375 12458 14378 14377 14379 14376 14381 14380 14382 1478 14387 14386 14388 14385 14390 14389 14391 14384 14394 14393 14395 14392 14397 14396 14398 14383 14402 14401 14403 14400 14405 14404 14406 14399 14409 14408 14410 14407 14412 14411 14413 1825 1838 14417 14416 14418 14415 14420 14419 14421 14414 14424 14423 14425 14422 14427 14426 1851 1862 14431 14430 14432 14429 14434 14433 14435 14428 14438 14437 14439 14436 14441 14440 14442 1864 8111 8079 8220 7935 9602 9550 9700 7677 9979 9969 10015 9948 10129 10078 10185 7229 10353 10355 10328 10266 10533 10506 10542 10410 10716 10644 11952 1877 18543 18542 18544 4724 18546 18545 18547 2852 4527 2876 4659 3183 4683 4672 4756 4005 4925 4865 4969 4227 4982 4453 7314 7277 7347 7226 7705 7515 7887 7091 7951 7927 7995 7902 9548 8113 9945 7013 10099 10071 10125 10012 10133 10132 10138 9984 10214 10176 10231 10157 10596 10606 5043 10808 10751 10825 10666 10862 10843 10911 10655 11931 11303 12002 11219 12383 12034 12420 10649 12628 12609 12711 12587 12822 12736 12837 12557 14054 14052 14055 14051 14058 14056 14059 4673 10570 7783 10679 4675 4701 4717 16375 16374 16376 4726 14446 14445 14447 14444 14449 14448 14450 14443 14453 14452 14454 14451 14456 14455 14457 4742 14064 14063 14090 14062 14100 14099 14103 14060 14114 14111 14115 14110 14125 14116 14126 4750 18549 18548 18550 4764 4796 18551 4808 12326 12130 12521 12095 13138 13080 13914 11994 13920 13918 14997 13916 14999 14998 15000 4813 18553 18552 18554 4830 16378 16377 16379 4876 4879 15003 15002 15004 15001 15006 15005 15007 5262 14146 14145 14151 14144 14156 14154 14162 14139 14167 14166 14170 14163 14182 14181 14187 14131 14203 14196 14210 14195 14304 14302 14308 14194 18305 14312 18306 14309 18308 18307 18309 6209 18310 7722 7743 18555 1794 18556 7748 7762 7769 15010 15009 15011 15008 15013 15012 15014 7814 7825 7841 18558 18557 18559 7851 7857 7875 14461 14460 14462 14459 14464 14463 14465 14458 14468 14467 14469 14466 14471 14470 14472 7886 7899 10536 15021 15020 15022 15019 15024 15023 15025 15018 15028 15027 15029 15026 15031 15030 15032 15017 15036 15035 15037 15034 15039 15038 15040 15033 15043 15042 15044 15041 15046 15045 15047 15016 15052 15051 15053 15050 15055 15054 15056 15049 15059 15058 15060 15057 15062 15061 15063 15048 15067 15066 15068 15065 15070 15069 15071 15064 15074 15073 15075 15072 15077 15076 15078 15015 15084 15083 15085 15082 15087 15086 15088 15081 15091 15090 15092 15089 15094 15093 15095 15080 15099 15098 15100 15097 15102 15101 15103 15096 15106 15105 15107 15104 15109 15108 15110 15079 15115 15114 15116 15113 15118 15117 15119 15112 15122 15121 15123 15120 15125 15124 15126 15111 15130 15129 15131 15128 15133 15132 15134 15127 15137 15136 15138 15135 15140 15139 10545 10553 10555 16381 16380 16382 10561 10566 10568 15144 15143 15145 15142 15147 15146 15148 15141 15151 15150 15152 15149 15154 15153 15155 10579 10585 10592 10594 15158 15157 15159 15156 15161 15160 15162 10604 18561 18560 18562 4853 18564 18563 18565 10637 10663 18567 18566 18568 10684 10695 10697 10710 11603 15168 15167 15169 15166 15171 15170 15172 15165 15175 15174 15176 15173 15178 15177 15179 15164 15183 15182 15184 15181 15186 15185 15187 15180 15190 15189 15191 15188 15193 15192 15194 15163 15199 15198 15200 15197 15202 15201 15203 15196 15206 15205 15207 15204 15209 15208 15210 15195 15214 15213 15215 15212 15217 15216 15218 15211 15221 15220 15222 15219 15224 15223 15225 12200 12499 12511 15229 15228 15230 15227 15232 15231 15233 15226 15236 15235 15237 15234 15239 15238 15240 12515 14476 14475 14477 14474 14479 14478 14480 14473 14483 14482 14484 14481 14486 14485 14487 12516 12518 12524 12531 12542 18312 18311 18313 12544 15244 15243 15245 15242 15247 15246 15248 15241 15251 15250 15252 15249 15254 15253 15255 12549 10677 10639 16383 12558 12568 12585 18319 18318 18320 18317 18322 18321 18323 18316 18326 18325 18327 18324 18329 18328 18330 18315 18334 18333 18335 18332 18337 18336 18338 18331 18341 18340 18342 18339 18344 18343 18345 18314 18350 18349 18351 18348 18353 18352 18354 18347 18357 18356 18355 18359 18358 18360 18346 18364 18363 18365 18362 18367 18366 18368 18361 18371 18370 18372 18369 18374 18373 12601 12604 12615 16385 16384 16386 12616 12627 18375 12634 12637 12643 15258 15257 15259 15256 15261 15260 15262 12661 12674 12676 15267 15266 15268 15265 15270 15269 15271 15264 15274 15273 15275 15272 15277 15276 15278 15263 15282 15281 15283 15280 15285 15284 15286 15279 15289 15288 15290 15287 15292 15291 15293 12687 4819 1747 18569 13052 12 13054 18376 13055 18382 18381 18383 18380 18385 18384 18386 18379 18389 18388 18390 18387 18392 18391 18393 18378 18397 18396 18398 18395 18400 18399 18401 18394 18404 18403 18405 18402 18407 18406 18408 18377 18413 18412 18414 18411 18416 18415 18417 18410 18420 18419 18421 18418 18423 18422 18424 18409 18428 18427 18429 18426 18431 18430 18432 18425 18435 18434 18436 18433 18438 18437 18439 13145 13197 18442 18441 18443 18440 18445 18444 18446 13292 13293 13294 13318 13889
}

	weather={
		period={
			between={ 0.0 30.0 }
			temperature={ -30.0 -25.0 }
			temperature_day_night={ 5.0 -8.0 }
			no_phenomenon=0.400
			rain_light=0.000
			rain_heavy=0.000
			snow=0.350
			blizzard=0.300
			arctic_water=0.000
			mud=0.500
			sandstorm=0.000
			min_snow_level=0.300
		}
		period={
			between={ 0.1 27.1 }
			temperature={ -32.0 -26.0 }
			temperature_day_night={ 8.0 -10.0 }
			no_phenomenon=0.400
			rain_light=0.000
			rain_heavy=0.000
			snow=0.350
			blizzard=0.300
			arctic_water=0.000
			mud=0.500
			sandstorm=0.000
			min_snow_level=0.200
		}
		period={
			between={ 0.2 30.2 }
			temperature={ -28.0 -20.0 }
			temperature_day_night={ 8.0 -8.0 }
			no_phenomenon=0.600
			rain_light=0.000
			rain_heavy=0.000
			snow=0.400
			blizzard=0.100
			arctic_water=0.000
			mud=0.500
			sandstorm=0.000
			min_snow_level=0.200
		}
		period={
			between={ 0.3 29.3 }
			temperature={ -18.0 -10.0 }
			temperature_day_night={ 5.0 -5.0 }
			no_phenomenon=0.600
			rain_light=0.000
			rain_heavy=0.000
			snow=0.300
			blizzard=0.050
			arctic_water=0.000
			mud=0.500
			sandstorm=0.000
			min_snow_level=0.050
		}
		period={
			between={ 0.4 30.4 }
			temperature={ -8.0 2.0 }
			temperature_day_night={ 8.0 -3.0 }
			no_phenomenon=0.600
			rain_light=0.200
			rain_heavy=0.100
			snow=0.200
			blizzard=0.000
			arctic_water=0.000
			mud=0.500
			sandstorm=0.000
			min_snow_level=0.000
		}
		period={
			between={ 0.5 29.5 }
			temperature={ 3.0 10.0 }
			temperature_day_night={ 10.0 -3.0 }
			no_phenomenon=0.600
			rain_light=0.300
			rain_heavy=0.100
			snow=0.050
			blizzard=0.000
			arctic_water=0.000
			mud=0.500
			sandstorm=0.000
			min_snow_level=0.000
		}
		period={
			between={ 0.6 30.6 }
			temperature={ 10.0 17.0 }
			temperature_day_night={ 8.0 -5.0 }
			no_phenomenon=0.700
			rain_light=0.400
			rain_heavy=0.200
			snow=0.000
			blizzard=0.000
			arctic_water=0.000
			mud=0.500
			sandstorm=0.000
			min_snow_level=0.000
		}
		period={
			between={ 0.7 30.7 }
			temperature={ 8.0 14.0 }
			temperature_day_night={ 6.0 -7.0 }
			no_phenomenon=0.700
			rain_light=0.400
			rain_heavy=0.200
			snow=0.000
			blizzard=0.000
			arctic_water=0.000
			mud=0.500
			sandstorm=0.000
			min_snow_level=0.000
		}
		period={
			between={ 0.8 29.8 }
			temperature={ 2.0 8.0 }
			temperature_day_night={ 5.0 -5.0 }
			no_phenomenon=0.400
			rain_light=0.000
			rain_heavy=0.000
			snow=0.200
			blizzard=0.050
			arctic_water=0.000
			mud=0.500
			sandstorm=0.000
			min_snow_level=0.000
		}
		period={
			between={ 0.9 30.9 }
			temperature={ -10.0 0.0 }
			temperature_day_night={ 7.0 -8.0 }
			no_phenomenon=0.400
			rain_light=0.000
			rain_heavy=0.000
			snow=0.200
			blizzard=0.100
			arctic_water=0.000
			mud=0.500
			sandstorm=0.000
			min_snow_level=0.000
		}
		period={
			between={ 0.10 29.10 }
			temperature={ -20.0 -10.0 }
			temperature_day_night={ 7.0 -7.0 }
			no_phenomenon=0.500
			rain_light=0.000
			rain_heavy=0.000
			snow=0.300
			blizzard=0.200
			arctic_water=0.000
			mud=0.500
			sandstorm=0.000
			min_snow_level=0.050
		}
		period={
			between={ 0.11 30.11 }
			temperature={ -30.0 -25.0 }
			temperature_day_night={ 5.0 -7.0 }
			no_phenomenon=0.400
			rain_light=0.000
			rain_heavy=0.000
			snow=0.300
			blizzard=0.350
			arctic_water=0.000
			mud=0.500
			sandstorm=0.000
			min_snow_level=0.100
		}
		period={
			between={ 4.11 21.11 }
			temperature={ -10.0 35.0 }
			temperature_day_night={ 2.0 -2.0 }
			no_phenomenon=1.500
			rain_light=0.250
			rain_heavy=0.100
			snow=0.000
			blizzard=0.000
			arctic_water=0.000
			mud=0.000
			sandstorm=0.000
			min_snow_level=0.000
		}
	}
}
