strategic_region={
	id=33
	name="STRATEGICREGION_33"
	provinces = { 
1134 1829 9627 4056 9683 4046 16735 10113 16736 1197 16739 16738 16740 16737 16742 16741 16743 656 16746 16747 16745 16749 16748 16750 16744 16753 16752 16754 16751 16756 16755 16757 4831 16760 16759 16761 16758 16763 16762 16764 4846 16768 16767 16769 16766 16771 16770 16772 16765 16775 16774 16776 16773 16778 16777 16779 7852 16786 16785 16787 16788 16784 16791 16790 16792 16789 16794 16793 16795 16783 16799 16798 16800 16797 16802 16801 16803 16796 16806 16805 16807 16804 16809 16808 16810 16782 16813 16814 16812 16817 16816 16818 16815 16820 16819 16821 16811 16825 16824 16826 16823 16828 16827 16829 16822 16832 16831 16833 16830 16835 16834 16836 16781 16842 16841 16843 16840 16845 16844 16846 16839 16849 16848 16850 16847 16852 16851 16853 16838 16857 16856 16858 16855 16860 16859 16861 16854 16864 16863 16865 16862 16867 16866 16868 16837 16873 16872 16874 16871 16876 16875 16877 16870 16880 16879 16881 16878 16883 16882 16884 16869 16888 16887 16889 16886 16891 16890 16892 16885 16895 16894 16896 16893 16898 16897 16899 16780 16906 16905 16904 16908 16907 16909 16903 16910 16912 16911 16902 16916 16915 16917 16914 16919 16918 16920 16913 16921 16923 16922 16924 16901 16929 16928 16930 16927 16932 16931 16933 16926 16936 16935 16937 16934 16939 16938 16940 16925 16943 16942 16945 16944 16946 16941 16949 16948 16950 16947 16952 16951 16953 16900 16959 16958 16960 16957 16962 16961 16963 16956 16966 16965 16967 16964 16969 16968 16970 16955 16974 16973 16975 16972 16977 16976 16978 16971 16981 16980 16982 16979 16984 16983 16985 16954 16990 16989 16991 16988 16993 16992 16994 16987 16997 16996 16998 16995 16986 17002 17001 17003 17000 17005 17004 17006 16999 17009 17008 17010 17007 17012 17011 17013 7881 17015 17014 17016 10675 17019 17018 17020 17017 17022 17021 17023 10690 17026 17025 17027 17024 17029 17028 17030 10703 17032 17031 17033 12654 17037 17036 17038 17035 17040 17039 17041 17034 17044 17043 17045 17042 17047 17046 17048 13062 17056 17055 17057 17054 17059 17058 17060 17053 17063 17062 17064 17061 17066 17065 17067 17052 17071 17070 17072 17069 17074 17073 17075 17068 17078 17077 17079 17076 17081 17080 17082 17051 17087 17086 17088 17085 17090 17089 17091 17084 17094 17093 17095 17092 17097 17096 17098 17083 17102 17101 17103 17100 17105 17104 17106 17099 17109 17108 17110 17107 17112 17111 17113 17050 17119 17118 17120 17117 17122 17121 17123 17116 17126 17125 17127 17124 17129 17128 17130 17115 17134 17133 17135 17132 17137 17136 17138 17131 17141 17140 17142 17139 17144 17143 17145 17114 17150 17149 17151 17148 17153 17152 17154 17147 17157 17156 17158 17155 17160 17159 17161 17146 17165 17164 17166 17163 17168 17167 17169 17162 17172 17171 17173 17170 17175 17174 17176 17049 17183 17182 17184 17181 17186 17185 17187 17180 17190 17189 17191 17188 17193 17192 17194 17179 17198 17197 17199 17196 17201 17200 17202 17195 17205 17204 17206 17203 17208 17207 17209 17178 17214 17213 17215 17212 17217 17216 17218 17211 17221 17220 17222 17219 17224 17223 17225 17210 17229 17228 17230 17227 17232 17231 17233 17226 17236 17235 17237 17234 17239 17238 17240 17177 17246 17245 17247 17244 17249 17248 17250 17243 17253 17252 17254 17251 17256 17255 17257 17242 17261 17260 17262 17259 17264 17263 17265 17258 17268 17267 17269 17266 17271 17270 17272 17241 17277 17276 17278 17275 17280 17279 17281 17274 17284 17283 17285 17282 17287 17286 17288 17273 17292 17291 17293 17290 17295 17294 17296 17289 17299 17298 17300 17297 17302 17301 17303 13083 17304 13084 17307 17306 17308 17305 17310 17309 17311 13195 17314 17313 17315 17312 17317 17316 17318 13196 17322 17321 17323 17320 17325 17324 17326 17319 17329 17328 17330 17327 17332 17331 17333 14359
}

	weather={
		period={
			between={ 0.0 30.0 }
			temperature={ -22.0 -5.0 }
			temperature_day_night={ 8.0 -8.0 }
			no_phenomenon=0.900
			rain_light=0.000
			rain_heavy=0.000
			snow=0.100
			blizzard=0.000
			arctic_water=0.000
			mud=1.000
			sandstorm=0.000
			min_snow_level=0.000
		}
		period={
			between={ 0.1 27.1 }
			temperature={ -16.0 -4.0 }
			temperature_day_night={ 8.0 -8.0 }
			no_phenomenon=0.900
			rain_light=0.000
			rain_heavy=0.000
			snow=0.100
			blizzard=0.000
			arctic_water=0.000
			mud=1.000
			sandstorm=0.000
			min_snow_level=0.000
		}
		period={
			between={ 0.2 30.2 }
			temperature={ -16.0 -4.0 }
			temperature_day_night={ 8.0 -8.0 }
			no_phenomenon=0.900
			rain_light=0.000
			rain_heavy=0.000
			snow=0.100
			blizzard=0.000
			arctic_water=0.000
			mud=1.000
			sandstorm=0.000
			min_snow_level=0.000
		}
		period={
			between={ 0.3 29.3 }
			temperature={ -3.0 4.0 }
			temperature_day_night={ 7.0 -7.0 }
			no_phenomenon=0.900
			rain_light=0.000
			rain_heavy=0.000
			snow=0.100
			blizzard=0.000
			arctic_water=0.000
			mud=1.000
			sandstorm=0.000
			min_snow_level=0.000
		}
		period={
			between={ 0.4 30.4 }
			temperature={ 4.0 12.0 }
			temperature_day_night={ 8.0 -8.0 }
			no_phenomenon=0.900
			rain_light=0.050
			rain_heavy=0.000
			snow=0.050
			blizzard=0.000
			arctic_water=0.000
			mud=1.000
			sandstorm=0.000
			min_snow_level=0.000
		}
		period={
			between={ 0.5 29.5 }
			temperature={ 9.0 19.0 }
			temperature_day_night={ 9.0 -9.0 }
			no_phenomenon=0.900
			rain_light=0.070
			rain_heavy=0.000
			snow=0.030
			blizzard=0.000
			arctic_water=0.000
			mud=1.000
			sandstorm=0.000
			min_snow_level=0.000
		}
		period={
			between={ 0.6 30.6 }
			temperature={ 12.0 20.0 }
			temperature_day_night={ 8.0 -8.0 }
			no_phenomenon=0.900
			rain_light=0.100
			rain_heavy=0.000
			snow=0.000
			blizzard=0.000
			arctic_water=0.000
			mud=1.000
			sandstorm=0.000
			min_snow_level=0.000
		}
		period={
			between={ 0.7 30.7 }
			temperature={ 11.0 18.0 }
			temperature_day_night={ 7.0 -7.0 }
			no_phenomenon=0.850
			rain_light=0.100
			rain_heavy=0.000
			snow=0.000
			blizzard=0.000
			arctic_water=0.000
			mud=1.000
			sandstorm=0.000
			min_snow_level=0.000
		}
		period={
			between={ 0.8 29.8 }
			temperature={ 7.0 13.0 }
			temperature_day_night={ 6.0 -6.0 }
			no_phenomenon=0.850
			rain_light=0.100
			rain_heavy=0.000
			snow=0.050
			blizzard=0.000
			arctic_water=0.000
			mud=1.000
			sandstorm=0.000
			min_snow_level=0.000
		}
		period={
			between={ 0.9 30.9 }
			temperature={ -4.0 2.0 }
			temperature_day_night={ 6.0 -6.0 }
			no_phenomenon=0.850
			rain_light=0.070
			rain_heavy=0.000
			snow=0.080
			blizzard=0.000
			arctic_water=0.000
			mud=1.000
			sandstorm=0.000
			min_snow_level=0.000
		}
		period={
			between={ 0.10 29.10 }
			temperature={ -15.0 -4.0 }
			temperature_day_night={ 7.0 -7.0 }
			no_phenomenon=0.900
			rain_light=0.000
			rain_heavy=0.000
			snow=0.100
			blizzard=0.000
			arctic_water=0.000
			mud=1.000
			sandstorm=0.000
			min_snow_level=0.000
		}
		period={
			between={ 0.11 30.11 }
			temperature={ -22.0 -4.0 }
			temperature_day_night={ 7.0 -7.0 }
			no_phenomenon=0.900
			rain_light=0.000
			rain_heavy=0.000
			snow=0.100
			blizzard=0.000
			arctic_water=0.000
			mud=1.000
			sandstorm=0.000
			min_snow_level=0.000
		}
		period={
			between={ 4.11 21.11 }
			temperature={ -10.0 35.0 }
			temperature_day_night={ 2.0 -2.0 }
			no_phenomenon=1.500
			rain_light=0.250
			rain_heavy=0.100
			snow=0.000
			blizzard=0.000
			arctic_water=0.000
			mud=0.000
			sandstorm=0.000
			min_snow_level=0.000
		}
	}
}
