strategic_region={
	id=36
	name="STRATEGICREGION_36"
	provinces = { 
10241 14174 14157 14204 14130 14244 14215 14269 14088 15295 15294 15296 14272 15298 15297 15299 14080 15303 15302 15304 15301 15306 15305 15307 15300 15310 15309 15311 15308 15313 15312 15314 300 15319 15318 15320 15317 15322 15321 15323 15316 15326 15325 15327 15324 15329 15328 15330 15315 15334 15333 15335 15332 15337 15336 15338 15331 15341 15340 15342 15339 15344 15343 15345 10632 15414 15413 15415 15412 15417 15416 15418 15411 15421 15420 15422 15419 15424 15423 15425 15410 15429 15428 15430 15427 15432 15431 15433 15426 15436 15435 15437 15434 15439 15438 15440 15409 15445 15444 15446 15443 15448 15447 15449 15442 15452 15451 15453 15450 15455 15454 15456 15441 15460 15459 15461 15458 15463 15462 15464 15457 15467 15466 15468 15465 15470 15469 15471 15408 15477 15476 15478 15475 15480 15479 15481 15474 15484 15483 15485 15482 15487 15486 15488 15473 15492 15491 15493 15490 15495 15494 15496 15489 15499 15498 15500 15497 15502 15501 15503 15472 15508 15507 15509 15506 15511 15510 15512 15505 15515 15514 15516 15513 15518 15517 15519 15504 15523 15522 15524 15521 15525 15526 15520 15529 15528 15530 15527 15532 15531 15533 12505 11235 11130 12103 10830 12273 12218 12883 10792 16543 16542 16544 16541 16546 16545 16547 10746 16551 16550 16552 16549 16554 16553 16555 16548 16558 16557 16559 16556 16561 16560 16562 13051 16567 16566 16568 16565 16570 16569 16571 16564 16574 16573 16575 16572 16577 16576 16578 16563 16582 16581 16583 16580 16585 16584 16586 16579 16589 16588 16590 16587 16592 16591 16593 13059 16597 16596 16598 16595 16600 16599 16601 16594 16604 16603 16605 16602 16607 16606 16608 13323 16613 16612 16614 16611 16616 16615 16617 16610 16620 16619 16621 16618 16623 16622 16624 16609 16628 16627 16629 16626 16631 16630 16632 16625 16635 16634 16636 16633 16638 16637 16639 13324 15939 15938 15940 15937 15942 15941 15943 13325 15863 15862 15864 15861 15866 15865 15867 15860 15870 15869 15871 15868 15873 15872 15874 13326 15722 15721 15720 15724 15723 15725 15719 15728 15727 15729 15726 15731 15730 15732 13327 15599 15598 15600 15597 15602 15601 15603 15596 15606 15605 15607 15604 15609 15608 15610 15595 15614 15613 15615 15612 15617 15616 15618 15611 15621 15620 15622 15619 15624 15623 15594 15629 15628 15630 15627 15632 15631 15633 15626 15636 15635 15637 15634 15639 15638 15640 15625 15644 15643 15645 15642 15647 15646 15648 15641 15651 15650 15652 15649 15654 15653 15655 13328 16644 16643 16645 16642 16647 16646 16648 16641 16651 16650 16652 16649 16654 16653 16655 16640 16659 16658 16660 16657 16662 16661 16663 16656 16666 16665 16667 16664 16669 16668 16670 13329 16673 16672 16674 16671 16676 16675 16677 13330 15351 15350 15352 15349 15354 15353 15355 15348 15358 15357 15359 15356 15361 15360 15362 15347 15366 15365 15367 15364 15369 15368 15370 15363 15373 15372 15374 15371 15376 15375 15377 15346 15382 15381 15383 15380 15385 15384 15386 15379 15389 15388 15390 15387 15392 15391 15393 15378 15397 15396 15395 15399 15398 15400 15394 15403 15402 15404 15401 15406 15405 15407 13331 14347 15739 15738 15740 15737 15742 15741 15743 15736 15746 15745 15747 15744 15749 15748 15750 15735 15754 15753 15755 15752 15757 15756 15758 15751 15761 15760 15762 15759 15764 15763 15765 15734 15770 15769 15771 15768 15773 15772 15774 15767 15777 15776 15778 15775 15780 15779 15781 15766 15785 15784 15786 15783 15788 15787 15789 15782 15792 15791 15793 15790 15795 15794 15796 15733 15802 15801 15803 15800 15805 15804 15806 15799 15809 15808 15810 15807 15812 15811 15813 15798 15817 15816 15818 15815 15820 15819 15821 15814 15824 15823 15825 15822 15827 15826 15828 15797 15833 15832 15834 15831 15836 15835 15837 15830 15840 15839 15841 15838 15843 15842 15844 15829 15848 15847 15849 15846 15851 15850 15852 15845 15855 15854 15856 15853 15858 15857 15859 14350 15539 15538 15540 15537 15542 15541 15543 15536 15546 15545 15547 15544 15549 15548 15550 15535 15554 15553 15555 15552 15557 15556 15558 15551 15561 15560 15562 15559 15564 15563 15565 15534 15570 15569 15571 15568 15573 15572 15574 15567 15577 15576 15578 15575 15580 15579 15581 15566 15585 15584 15586 15583 15588 15587 15589 15582 15592 15591 15593 15590 14351 15661 15660 15662 15659 15664 15663 15665 15658 15668 15667 15669 15666 15671 15670 15672 15657 15676 15675 15677 15674 15679 15678 15680 15673 15683 15682 15684 15681 15686 15685 15687 15656 15692 15691 15693 15690 15695 15694 15696 15689 15699 15698 15700 15697 15702 15701 15703 15688 15707 15706 15708 15705 15710 15709 15711 15704 15714 15713 15715 15712 15717 15716 15718 14348 15879 15880 15878 15882 15881 15883 15877 15886 15885 15887 15884 15889 15888 15890 15876 15894 15893 15895 15892 15897 15896 15898 15891 15901 15900 15902 15899 15904 15903 15905 15875 15910 15909 15911 15908 15913 15912 15914 15907 15917 15916 15918 15915 15920 15919 15921 15906 15925 15924 15926 15923 15928 15927 15929 15922 15932 15931 15933 15930 15935 15934 15936
}

	weather={
		period={
			between={ 0.0 30.0 }
			temperature={ -30.0 -10.0 }
			temperature_day_night={ -2.0 2.0 }
			no_phenomenon=0.500
			rain_light=0.000
			rain_heavy=0.000
			snow=0.600
			blizzard=0.400
			arctic_water=0.000
			mud=0.000
			sandstorm=0.000
			min_snow_level=0.000
		}
		period={
			between={ 0.1 27.1 }
			temperature={ -30.0 -10.0 }
			temperature_day_night={ -2.0 2.0 }
			no_phenomenon=0.500
			rain_light=0.000
			rain_heavy=0.000
			snow=0.600
			blizzard=0.400
			arctic_water=0.000
			mud=0.000
			sandstorm=0.000
			min_snow_level=0.000
		}
		period={
			between={ 0.2 30.2 }
			temperature={ -10.0 10.0 }
			temperature_day_night={ -2.0 2.0 }
			no_phenomenon=0.500
			rain_light=0.250
			rain_heavy=0.100
			snow=0.300
			blizzard=0.000
			arctic_water=0.000
			mud=0.000
			sandstorm=0.000
			min_snow_level=0.000
		}
		period={
			between={ 0.3 29.3 }
			temperature={ -10.0 10.0 }
			temperature_day_night={ -2.0 2.0 }
			no_phenomenon=0.500
			rain_light=0.250
			rain_heavy=0.100
			snow=0.300
			blizzard=0.000
			arctic_water=0.000
			mud=0.000
			sandstorm=0.000
			min_snow_level=0.000
		}
		period={
			between={ 0.4 30.4 }
			temperature={ -5.0 10.0 }
			temperature_day_night={ -2.0 2.0 }
			no_phenomenon=0.500
			rain_light=0.250
			rain_heavy=0.100
			snow=0.300
			blizzard=0.000
			arctic_water=0.000
			mud=0.000
			sandstorm=0.000
			min_snow_level=0.000
		}
		period={
			between={ 0.5 29.5 }
			temperature={ -5.0 10.0 }
			temperature_day_night={ -2.0 2.0 }
			no_phenomenon=0.500
			rain_light=0.250
			rain_heavy=0.100
			snow=0.300
			blizzard=0.000
			arctic_water=0.000
			mud=0.000
			sandstorm=0.000
			min_snow_level=0.000
		}
		period={
			between={ 0.6 30.6 }
			temperature={ -10.0 10.0 }
			temperature_day_night={ -2.0 2.0 }
			no_phenomenon=0.500
			rain_light=0.250
			rain_heavy=0.100
			snow=0.300
			blizzard=0.000
			arctic_water=0.000
			mud=0.000
			sandstorm=0.000
			min_snow_level=0.000
		}
		period={
			between={ 0.7 30.7 }
			temperature={ -10.0 10.0 }
			temperature_day_night={ -2.0 2.0 }
			no_phenomenon=0.500
			rain_light=0.250
			rain_heavy=0.100
			snow=0.300
			blizzard=0.000
			arctic_water=0.000
			mud=0.000
			sandstorm=0.000
			min_snow_level=0.000
		}
		period={
			between={ 0.8 29.8 }
			temperature={ -10.0 10.0 }
			temperature_day_night={ -2.0 2.0 }
			no_phenomenon=0.500
			rain_light=0.250
			rain_heavy=0.100
			snow=0.300
			blizzard=0.000
			arctic_water=0.000
			mud=0.000
			sandstorm=0.000
			min_snow_level=0.000
		}
		period={
			between={ 0.9 30.9 }
			temperature={ -10.0 10.0 }
			temperature_day_night={ -2.0 2.0 }
			no_phenomenon=0.500
			rain_light=0.250
			rain_heavy=0.100
			snow=0.300
			blizzard=0.000
			arctic_water=0.000
			mud=0.000
			sandstorm=0.000
			min_snow_level=0.000
		}
		period={
			between={ 0.10 29.10 }
			temperature={ -30.0 -10.0 }
			temperature_day_night={ -2.0 2.0 }
			no_phenomenon=0.500
			rain_light=0.000
			rain_heavy=0.000
			snow=0.600
			blizzard=0.400
			arctic_water=0.000
			mud=0.000
			sandstorm=0.000
			min_snow_level=0.000
		}
		period={
			between={ 0.11 30.11 }
			temperature={ -30.0 -10.0 }
			temperature_day_night={ -2.0 2.0 }
			no_phenomenon=0.500
			rain_light=0.000
			rain_heavy=0.000
			snow=0.600
			blizzard=0.400
			arctic_water=0.000
			mud=0.000
			sandstorm=0.000
			min_snow_level=0.000
		}
		period={
			between={ 4.11 21.11 }
			temperature={ -10.0 35.0 }
			temperature_day_night={ 2.0 -2.0 }
			no_phenomenon=1.500
			rain_light=0.250
			rain_heavy=0.100
			snow=0.000
			blizzard=0.000
			arctic_water=0.000
			mud=0.000
			sandstorm=0.000
			min_snow_level=0.000
		}
	}
}
