strategic_region={
	id=121
	name="STRATEGICREGION_121"
	provinces = { 
373 490 1195 1113 1318 591 1521 1382 1652 602 607 722 749 774 777 705 983 3973 3867 7443 3413 17883 10772 17884 1298 773 1340 17885 1355 17886 1425 391 178 1675 68 3120 1876 4384 15 5308 4985 6155 4678 7700 7371 7728 1656 17889 17888 17890 17887 17892 17891 17893 1763 17894 1768 1781 3721 3685 3779 1784 10821 10623 12603 9036 14648 14260 14649 7801 14652 14651 14653 14650 14655 14654 14656 17899 17898 17900 17897 17902 17901 17903 17896 17906 17905 17907 17904 17909 17908 17910 17895 17914 17913 17915 17912 17917 17916 17918 17911 17921 17920 17922 17919 17924 17923 17925 3604 3607 3634 3639 3660 3774 3777 3910 17927 17926 17928 4268 4417 17929 4664 17933 17932 17934 17931 17936 17935 17937 17930 17940 17939 17941 17938 17943 17942 17944 14660 14659 14661 14658 14663 14662 14664 14657 14667 14666 14668 14665 14670 14669 14671 4767 17945 4773 4912 4782 4962 4785 14674 14673 14675 14672 14677 14676 14678 4867 7937 4873 8015 6508 6605 6608 6623 6628 6660 6674 6738 17949 17948 17950 17947 17952 17951 17953 17946 17956 17955 17957 17954 17959 17958 17960 6795 7361 17965 17964 17966 17963 17968 17967 17969 17962 17972 17971 17973 17970 17975 17974 17976 17961 17980 17979 17981 17978 17983 17982 17984 17977 17987 17986 17988 17985 17990 17989 17991 7363 7432 17992 7680 17996 17995 17997 17994 17999 17998 18000 17993 18003 18002 18004 18001 18006 18005 18007 7755 18779 13990 18780 7785 18783 18782 18784 18781 18786 18785 18787 7791 18453 18452 18454 7804 18010 18009 18011 18008 18013 18012 18014 7807 18017 18016 18018 18015 18020 18019 18021 7872 18022 7890 18025 18024 18026 18023 18028 18027 18029 7896 18456 18455 18457 9464 9477 9577 9580 9582 9631 9708 9737 18459 18458 18460 9740 10172 18032 18031 18033 18030 18035 18034 18036 10245 18037 10530 18040 18039 18041 18038 18043 18042 18044 10617 18462 18461 18463 10696 18046 18045 18047 10711 18050 18049 18051 18048 18053 18052 18054 10714 18465 18464 18466 11563 11565 11567 18467 11581 11598 11678 18056 18055 18057 11691 11721 11724 11898 18059 18058 18060 12140 18065 18064 18066 18063 18068 18067 18069 18062 18072 18071 18073 18070 18075 18074 18076 18061 18080 18079 18081 18078 18083 18082 18084 18077 18087 18086 18088 18085 18090 18089 18091 12198 18092 12216 18093 12269 18094 12271 12496 14682 14681 14683 14680 14685 14684 14686 14679 14689 14688 14690 14687 14692 14691 14693 12498 12575 18468 12593 18097 18096 18098 18095 18100 18099 18101 12673 18789 18788 18790 12691 18793 18792 18794 18791 18796 18795 18797 12694 18470 18469 18471 13087 18472 13149 13152 18475 18474 18476 18473 18478 18477 18479 13153 18102 13154 13155 18103 13157 18104 13158 14695 14694 14696 13159 18105 13173 13174 18106 13177 13179 13189 18108 18107 18109 3207 18111 18110 18112 761 18483 18482 18484 18481 18486 18485 18487 18480 18490 18489 18491 18488 18493 18492 18494 763 18496 18495 18497 3735 18499 18498 18500 4751 18504 18503 18505 18502 18507 18506 18508 18501 18511 18510 18512 18509 18514 18513 18515
}

	weather={
		period={
			between={ 0.0 30.0 }
			temperature={ -17.0 -8.0 }
			temperature_day_night={ 10.0 -10.0 }
			no_phenomenon=0.300
			rain_light=0.050
			rain_heavy=0.000
			snow=0.500
			blizzard=0.150
			arctic_water=0.000
			mud=0.300
			sandstorm=0.000
			min_snow_level=0.000
		}
		period={
			between={ 0.1 27.1 }
			temperature={ -14.0 -5.0 }
			temperature_day_night={ 9.0 -9.0 }
			no_phenomenon=0.400
			rain_light=0.050
			rain_heavy=0.000
			snow=0.500
			blizzard=0.150
			arctic_water=0.000
			mud=0.300
			sandstorm=0.000
			min_snow_level=0.000
		}
		period={
			between={ 0.2 30.2 }
			temperature={ -8.0 1.0 }
			temperature_day_night={ 7.0 -7.0 }
			no_phenomenon=0.400
			rain_light=0.150
			rain_heavy=0.000
			snow=0.300
			blizzard=0.150
			arctic_water=0.000
			mud=0.300
			sandstorm=0.000
			min_snow_level=0.000
		}
		period={
			between={ 0.3 29.3 }
			temperature={ 0.0 -9.0 }
			temperature_day_night={ 9.0 -9.0 }
			no_phenomenon=0.500
			rain_light=0.250
			rain_heavy=0.000
			snow=0.150
			blizzard=0.100
			arctic_water=0.000
			mud=0.300
			sandstorm=0.000
			min_snow_level=0.000
		}
		period={
			between={ 0.4 30.4 }
			temperature={ 7.0 17.0 }
			temperature_day_night={ 10.0 -10.0 }
			no_phenomenon=0.500
			rain_light=0.350
			rain_heavy=0.100
			snow=0.050
			blizzard=0.000
			arctic_water=0.000
			mud=0.300
			sandstorm=0.000
			min_snow_level=0.000
		}
		period={
			between={ 0.5 29.5 }
			temperature={ 12.0 23.0 }
			temperature_day_night={ 11.0 -11.0 }
			no_phenomenon=0.400
			rain_light=0.400
			rain_heavy=0.200
			snow=0.000
			blizzard=0.000
			arctic_water=0.000
			mud=0.300
			sandstorm=0.000
			min_snow_level=0.000
		}
		period={
			between={ 0.6 30.6 }
			temperature={ 15.0 25.0 }
			temperature_day_night={ 10.0 -10.0 }
			no_phenomenon=0.400
			rain_light=0.400
			rain_heavy=0.200
			snow=0.000
			blizzard=0.000
			arctic_water=0.000
			mud=0.300
			sandstorm=0.000
			min_snow_level=0.000
		}
		period={
			between={ 0.7 30.7 }
			temperature={ 14.0 24.0 }
			temperature_day_night={ 10.0 -10.0 }
			no_phenomenon=0.500
			rain_light=0.300
			rain_heavy=0.200
			snow=0.000
			blizzard=0.000
			arctic_water=0.000
			mud=0.300
			sandstorm=0.000
			min_snow_level=0.000
		}
		period={
			between={ 0.8 29.8 }
			temperature={ 9.0 19.0 }
			temperature_day_night={ 10.0 -10.0 }
			no_phenomenon=0.500
			rain_light=0.400
			rain_heavy=0.100
			snow=0.000
			blizzard=0.000
			arctic_water=0.000
			mud=0.300
			sandstorm=0.000
			min_snow_level=0.000
		}
		period={
			between={ 0.9 30.9 }
			temperature={ 4.0 11.0 }
			temperature_day_night={ 7.0 -7.0 }
			no_phenomenon=0.400
			rain_light=0.400
			rain_heavy=0.000
			snow=0.200
			blizzard=0.000
			arctic_water=0.000
			mud=0.300
			sandstorm=0.000
			min_snow_level=0.000
		}
		period={
			between={ 0.10 29.10 }
			temperature={ -3.0 4.0 }
			temperature_day_night={ 7.0 -7.0 }
			no_phenomenon=0.300
			rain_light=0.150
			rain_heavy=0.000
			snow=0.400
			blizzard=0.150
			arctic_water=0.000
			mud=0.300
			sandstorm=0.000
			min_snow_level=0.000
		}
		period={
			between={ 0.11 30.11 }
			temperature={ -11.0 -4.0 }
			temperature_day_night={ 7.0 -7.0 }
			no_phenomenon=0.300
			rain_light=0.050
			rain_heavy=0.000
			snow=0.500
			blizzard=0.150
			arctic_water=0.000
			mud=0.300
			sandstorm=0.000
			min_snow_level=0.000
		}
		period={
			between={ 4.11 21.11 }
			temperature={ -10.0 35.0 }
			temperature_day_night={ 2.0 -2.0 }
			no_phenomenon=1.500
			rain_light=0.250
			rain_heavy=0.100
			snow=0.000
			blizzard=0.000
			arctic_water=0.000
			mud=0.000
			sandstorm=0.000
			min_snow_level=0.000
		}
	}
}
