strategic_region={
	id=35
	name="STRATEGICREGION_35"
	provinces = { 
650 1448 9118 1541 1001 1554 381 1567 3026 1584 4494 1595 3269 1597 4509 1612 18811 1623 3293 1625 18812 1638 3299 1653 2105 1708 879 1799 2135 1782 1707 1843 2148 4212 1414 4231 682 4421 4366 7436 2151 170 94 903 2157 16414 16413 16415 2160 2168 10294 10276 12206 10248 14066 14065 14127 10163 14178 14171 14217 14128 14320 14315 14321 2171 13994 13893 13995 2172 1373 1361 1389 2178 16416 2193 1519 1506 1562 2194 7679 7636 7772 2198 14801 14327 14802 2207 7797 4698 10622 3870 12126 12102 12169 2208 10667 10484 11683 10201 18145 12232 18146 2214 16418 16417 16419 2223 4786 4712 4821 4434 4571 3393 4573 4564 4587 4580 4600 4354 4602 7222 4641 4398 5108 7309 5116 5119 18570 5141 12353 12197 12410 5150 16421 16420 16422 5157 5161 13998 13997 14000 5163 18148 18147 18149 5167 5171 14805 14806 14804 14808 14807 14809 14803 14812 14811 14813 14810 14815 14814 14816 5182 16424 16423 16425 5189 5199 5211 12573 12539 14316 5213 5217 16427 16426 16428 7497 14001 7547 16430 16429 16431 7578 7335 7591 7350 7618 6215 7635 8158 14817 8166 16080 16079 16081 8173 14820 14819 14821 14818 14823 14822 14824 8184 14029 14003 14030 8189 14826 14825 14827 8191 18571 8192 12583 10687 14494 4847 14496 14495 14497 8195 8200 18152 18151 18153 18150 18155 18154 18156 8205 14513 14032 14514 8212 16433 16432 16434 8213 14499 14498 14500 8215 8219 8226 8235 14516 14515 14517 8248 8250 14502 14501 14503 8252 16083 16082 16084 8910 10343 10358 10371 6295 6276 7356 10386 18285 12196 18286 10398 18288 18287 18289 10414 18291 18290 18292 10443 7364 10498 1640 10511 14520 14519 14521 14518 14523 14522 14524 10931 14829 14828 14830 10939 14526 14525 14527 10940 16086 16085 16087 10949 14833 14832 14834 14831 14836 14835 14837 10957 10960 16436 16435 16437 10961 16090 16089 16091 16088 16093 16092 16094 10969 18158 18157 18159 10971 14529 14528 14530 10977 14839 14838 14840 10981 14532 14531 14533 10982 16096 16095 16097 10988 16439 16438 16440 10997 14505 14504 14506 11001 14842 14841 14843 11003 14535 14534 14536 11005 14845 14844 14846 11017 16442 16441 16443 11018 16445 16444 16446 11019 1823 1717 3077 1673 3675 3367 3819 12299 14848 14847 14849 12314 14851 14850 14852 12329 12342 14854 14853 14855 12344 18294 18293 18295 12357 18297 18296 18298 12372 18299 12387 18300 12389 7405 12402 18301 12433 4455 12446 14537 12461 12474 12487 14857 14856 14858 12489 12894 4258 12913 18572 12915 16099 16098 16100 12921 14508 14507 14509 12935 16448 16447 16449 12936 16102 16101 16103 12939 12945 14861 14860 14862 14859 14864 14863 14865 12947 12957 14539 14538 14540 12963 16451 16450 16452 12971 14511 14510 14512 12975 14867 14866 14868 12977 12991 18303 18302 18304 12993 14542 14541 14543
}

	weather={
		period={
			between={ 0.0 30.0 }
			temperature={ 20.0 30.0 }
			temperature_day_night={ -2.0 2.0 }
			no_phenomenon=0.500
			rain_light=0.250
			rain_heavy=0.100
			snow=0.000
			blizzard=0.000
			arctic_water=0.000
			mud=1.000
			sandstorm=0.000
			min_snow_level=0.000
		}
		period={
			between={ 0.1 27.1 }
			temperature={ 20.0 30.0 }
			temperature_day_night={ -2.0 2.0 }
			no_phenomenon=0.500
			rain_light=0.250
			rain_heavy=0.100
			snow=0.000
			blizzard=0.000
			arctic_water=0.000
			mud=1.000
			sandstorm=0.000
			min_snow_level=0.000
		}
		period={
			between={ 0.2 30.2 }
			temperature={ 20.0 30.0 }
			temperature_day_night={ -2.0 2.0 }
			no_phenomenon=0.500
			rain_light=0.250
			rain_heavy=0.100
			snow=0.000
			blizzard=0.000
			arctic_water=0.000
			mud=1.000
			sandstorm=0.000
			min_snow_level=0.000
		}
		period={
			between={ 0.3 29.3 }
			temperature={ 12.0 23.0 }
			temperature_day_night={ -2.0 2.0 }
			no_phenomenon=0.500
			rain_light=0.250
			rain_heavy=0.100
			snow=0.000
			blizzard=0.000
			arctic_water=0.000
			mud=1.000
			sandstorm=0.000
			min_snow_level=0.000
		}
		period={
			between={ 0.4 30.4 }
			temperature={ 12.0 23.0 }
			temperature_day_night={ -2.0 2.0 }
			no_phenomenon=0.500
			rain_light=0.250
			rain_heavy=0.100
			snow=0.000
			blizzard=0.000
			arctic_water=0.000
			mud=1.000
			sandstorm=0.000
			min_snow_level=0.000
		}
		period={
			between={ 0.5 29.5 }
			temperature={ 10.0 20.0 }
			temperature_day_night={ -2.0 2.0 }
			no_phenomenon=0.500
			rain_light=0.250
			rain_heavy=0.100
			snow=0.000
			blizzard=0.000
			arctic_water=0.000
			mud=1.000
			sandstorm=0.000
			min_snow_level=0.000
		}
		period={
			between={ 0.6 30.6 }
			temperature={ 10.0 20.0 }
			temperature_day_night={ -2.0 2.0 }
			no_phenomenon=0.500
			rain_light=0.250
			rain_heavy=0.100
			snow=0.000
			blizzard=0.000
			arctic_water=0.000
			mud=1.000
			sandstorm=0.000
			min_snow_level=0.000
		}
		period={
			between={ 0.7 30.7 }
			temperature={ 10.0 20.0 }
			temperature_day_night={ -2.0 2.0 }
			no_phenomenon=0.500
			rain_light=0.250
			rain_heavy=0.100
			snow=0.000
			blizzard=0.000
			arctic_water=0.000
			mud=1.000
			sandstorm=0.000
			min_snow_level=0.000
		}
		period={
			between={ 0.8 29.8 }
			temperature={ 13.0 22.0 }
			temperature_day_night={ -2.0 2.0 }
			no_phenomenon=0.500
			rain_light=0.250
			rain_heavy=0.100
			snow=0.000
			blizzard=0.000
			arctic_water=0.000
			mud=1.000
			sandstorm=0.000
			min_snow_level=0.000
		}
		period={
			between={ 0.9 30.9 }
			temperature={ 13.0 22.0 }
			temperature_day_night={ -2.0 2.0 }
			no_phenomenon=0.500
			rain_light=0.250
			rain_heavy=0.100
			snow=0.000
			blizzard=0.000
			arctic_water=0.000
			mud=1.000
			sandstorm=0.000
			min_snow_level=0.000
		}
		period={
			between={ 0.10 29.10 }
			temperature={ 18.0 27.0 }
			temperature_day_night={ -2.0 2.0 }
			no_phenomenon=0.500
			rain_light=0.250
			rain_heavy=0.100
			snow=0.000
			blizzard=0.000
			arctic_water=0.000
			mud=1.000
			sandstorm=0.000
			min_snow_level=0.000
		}
		period={
			between={ 0.11 30.11 }
			temperature={ 20.0 30.0 }
			temperature_day_night={ -2.0 2.0 }
			no_phenomenon=0.500
			rain_light=0.250
			rain_heavy=0.100
			snow=0.000
			blizzard=0.000
			arctic_water=0.000
			mud=1.000
			sandstorm=0.000
			min_snow_level=0.000
		}
		period={
			between={ 4.11 21.11 }
			temperature={ -10.0 35.0 }
			temperature_day_night={ 2.0 -2.0 }
			no_phenomenon=1.500
			rain_light=0.250
			rain_heavy=0.100
			snow=0.000
			blizzard=0.000
			arctic_water=0.000
			mud=0.000
			sandstorm=0.000
			min_snow_level=0.000
		}
	}
}
